c3503d048b65cd9a3080822d92ccdb1295e0e45919ac5c34cc2b8d45742e66bf 15 15 6858 620
67032d1f5561d676647aaa6237728f3e834703d76c97fac57f8cc62daf871434 85 85 206736 53917
b006332ede3133f915bc578168f4add5439430345e818eb76ba18606898cf924 114 114 173531 1166
690135381cbefba73b9ff8af1aff07eba4e4f6210441fdf9fc0a1de4ba469e42 33 33 214727 65235
028cca2804301ec3fc7688600db782d68611785971e53899b8fe66b177c3217b 138 138 14408 2983
36a01c590e47f8761ad6b1d463532eb6b4ed59f60ae906c9f54fb0ff00dec3cc 23 23 298841 296953
441bfd889113db6268e811242436cba23e9aaac6cef28006663ddd5328ded3a1 78 78 11021 9180
d0eef4b9fe7a473dd641a97d21a8fbb9d242261f87fe2b423c0112ef65c8a7ac 24 24 76 75
23270984596d121b13c52847dd0bd0a21ce0e5aa5ed4220368b47ea3db8981f7 152 136 96112 44976
09aed9d3f8c8e1bfdff163c558afba3f4ab08be2fe28fc62e823dae2c60dccff 57 51 247808 4644
29baa3a71e0d63db28e37d1052526876a43ea130ae7b4a12081bfb0501deaaa7 5 5 20800 7
5127c02e4bd025c389a492ed0d83a5dfb797ee3f3284fd3d43db659da6c8a618 170 162 2141 1999
bc8a4e05b835b898e3f64090dde9960ab5e2149177c44c383668abab38f9c42d 37 28 1491 111
dc0ee8b5192c47c0f83d5a56a7742dcf04107f72530264e35bb5a6f228866b78 6 6 14523 291
d6a47995e0eba1b7349b533bfa02dc3a0fd25fbfda680ec48afbd7e50d732894 2 2 1493 15
4393d3231cf03b746204d8fe4e847f62ebb105ec274fdfce5336194ef3cb20ae 4 4 826 75
be9fac7d7fa37e4ada1d30bd47f0a461376d0448542241af60f48a8795abefc8 3 3 15256 287
55401f732d0afb08cb05eac29110f4e4ec74a155a43beaec55dc69a108a67e45 5 5 1129 477
3189a3bcdf7d40e3bedbc6de82d08834319be0e6fedf9f5be27253b3eb382ab1 9 9 3263 50
1dd17cce818bff559ab0a941a97be3a47206e3e19f41c199fd2f99a10e18a0bc 12 9 27751 365
a939548239ac0584a701a83674b82b8f20e81df19389e3a853ca177c14bb8fde 19 18 16779 1296
ace7b063266e50a6e8130905f49dbc5ed865f3b72830a0ec681f08ba8616f034 8 7 27929 282
61a621f7677085b6515b3106395629524f272c87a1b2a1204bfea37f8c90dc6d 8 5 2356 9
a6984bc4ff27717babea5cde77770e4b0edf1da8679cd6b88b9547a13e8ed582 5 4 526 4
c31da01a36496612f92b3880ed632742c133b3f9c5b4b22d7546a4c105e508b5 13 9 4661 1079
b1fc69f2d2991d83bf0b8c21ca3f6cadd06b0855f8697d9b06bdddc480cc0f15 19 11 23515 8901
0b93858222d405169bc74ade08bdd5023a05f9c98594a4cda2bc661cd121ed43 1 1 13321 0
07573683b9609b179ca899c0a133148334f6c756cc3ce05e1893186abb85c537 2 2 132 0
c5170c358f0ceaa1ae772228efb901518bab66ec6daf2abd6656ddaee4bda832 11 8 13735 43
4d1f8aa0a87658d9b02384a433b491e7daa18c69b05ecd7cb73017aaa2a55c58 1 1 386 0
d83448e3cac7f8d9a48e9ee2d20bec42cf6b8aa95a10e37957d98e5b429a4418 12 10 2553 111
b085f026126f080a883980408bbbc5e85aaf9145a03ecfb4baa3bc0b928b5064 4 4 20 14
3612cd7a37b396c6e4d6f397a4ea2ee28b23ba4f568f3f97b812ef3755e3ba16 6 4 18996 6
b0d6ae1fd0bb2c201de9b5513fde3bc4fc3438de035beee3d6e303bb0f2ac60e 500 2 577 325
de1181037ae266622e87e7781fc23aed591af0bd1ea90b516b6ccb31ad54a9f8 11 11 1304 269
59c861f5e9b53581974cdf78fe3c5fa7724846db6bcad594202c7aeaab3552ea 3 3 377675 1979
baa122672d4657399cc85ae2edf1eb3d6add14a1cb7bc6c45612c37d55f24529 1 1 234 0
a8d6828a531400ec6cd30e1ad99455e5eaf6c3fd44a7566881289442e4b20372 5 3 1625 323
8377be9f09528417ed523dbe4f50fda51cd1056e0a506d47084f4b132c2ade99 2 2 420 5
5241fc58fe60cbfee3773efd0aadd8f356468c32072caa25d8808112c7d32e77 7 5 10539 806
f012051cdc045727136c3faae60d0de7acbe31242fa5aafbe8933796d575f717 62 0 0 0
713a958560090183867f18d08ebaf3dca37abe73f15c1ae2cdb048c75bce552d 39 32 18608 42773
573b3afdd28a7ffd0ba44c9d9c41cba2f6b3d7940280268959a9bd1a08948a5e 6 0 0 0
e136e466fef59f0a2ef5fd5b7c3be5f57c6cf20cf91ec5b8dfd10f9ff7aefe4e 6 5 109393 76
61e1ff1a7dfe05d039e0afde693481bb708b77e4ca3a337a784d8da391cf2e11 5 5 11787 221
e1d972d54a1cdfb1d9a502c08ebd9128f46a4f03bc6b0030cb5a2daadbe272ef 9 7 11488 402
b84868c498b4e6fdc244cd7c7bb1a7d952616e741e0e4f5d954e76474ca12e7f 3 3 4853 2
320b04e0d774a5702f6abc30ef56ac25913831f55a2d716b68ddfb26fc219eb3 19 13 11231 748
212a2840386c329c07372749845d936eb5ccea21e166a98ada43272a421a79fb 6 6 1762 179
1d3f2000211078bf27a143afa9799086f7fecab71f0b0107cbe2ee80d561ac97 28 10 2637 127
1bc5dab10c5521c764be8916635945a2c5f1ad320e581e87e86870789221df91 83 0 0 0
cc67d725dfb0c779bdb8c06b9404a02c9b04946ae7a5f4b1a3a2b1d3be49531e 4 4 5339 14
d5f3cb198af72813209591a8a3864aa079fe2287de72a451bf99e0366f9d5230 4 4 198 56
8ecc4a443ebd01fce5c2a38db64c467594618479c5e8f3161c408aa9b32f4b3c 4 4 205 13
7302430918e238690e876d4a47a7beae04db755cf0be02f9643f0217ab6f8bce 2 2 4014 66
ee060b9f59779fa12df002789e41bce5f3a9ba1befe4bebb96e81c87000c9055 1 1 2458 0
a10f3f405eca67729367cf0e90ab9313c07540a12c8674b792a85c1e2e3137a1 1 1 6025 0
7dbe6642bd24ee249d7f10d8d9c89e8a5e9dffd580c261a7516362d6ef819e0f 50 5 5833 2990
b680fa45a594f48f9e655661ecf52aa96efa7a96864c19bfd4dbe0b81489049e 5 0 0 0
762270284de7ef1b7688a672d4116d6f14353d2caa6d787f49979fca5c69e4a1 3 0 0 0
2acbddfe615b4bf0749967d16c71321f6334278cd68d1a1bb4b91085377788ec 10 0 0 0
eaa0d4919df860a8e3aa9d588d204b64b07d26483d80e9ed516d815326690d26 27 12 1942 1647
697bf71f40bc2623a5db8199f85e33999ca62db55ee46a407a78cc50256ddc3a 82 67 31488 16205
906868b496278452c2c203a9163532b1e1b4daff137cf53cc7d6e465f952b099 5 0 0 0
cf6e9be4535da101134c595e39e092bb117fed45a4e3871aabb44f563f3dac7c 4 2 8155 36314
2487d7abc4b0d6130ddff92e2bfcc5f2899317afdec5fda9079cd31d60639c9e 2 2 17519 6484
16e436c6c0fff7d2d53bd0668b3e28af265572fef3b4ccda3c5896f564a395d4 17 1 2085 0
5805394d7e2e65277af9a47fbfb217f744f25e3edbc7f957306285ec5229936c 17 11 12537 236
3363128a3955b67555b5a7b2b1d779dcd4c69d28de738005b580d4114c895589 27 19 13639 759
c0cb58e2144eb02448133cd7f704a794bc0ac079d1ea21b2c759848d4ddf6e65 1 1 1843 0
66beace372e364f67d5f29574f1256758ebd8ba7f287ff24ca1563a722fbe3e0 40 39 22987 7137
284b3520a02c4ee1037794885745790554cc4d66b0471a00041ca8b02b665e14 15 0 0 0
2afea37f216a806a220def11f8a5ca454945dba39fe2184d5bc082d7f3440cfa 1 1 5366 0
01fee736b37d1d0e4aee7e57340114bc96d55d0d133bbf1701f1c46c21e719c1 10 8 2439 145
a93c83c414de7a9b1da7f42a8c1db7d6e6fe63d8b85502772c6c416e642d6fd6 74 8 1395 472
3a2cb8ebef56f40a9a2e34678053a9908b840ac999f5415470ba74ee8f33c8f4 6 6 12814 2698
28b85326a3e1d959d7f02a9c657dba76b699a0fc08784164643f63ba7c530127 12 11 19367 7856
a10e8f410b574a4ecd98dba3c637bc7f86a0b76b37e6e191e7422ec222172eeb 17 0 0 0
e7c9088b5765951ab7aadd9f6eead7244bab7b978a0e9c7b173d0caff815f82e 16 11 6613 236
a53ebb09da2db6ff5b91d26a7a096dcb4b0737da00facc9e073e8def238d079c 324 84 10227 154499
4a7a3dc5a0fe62c63c385e939a04281040424a7987d52592b1a6f2b9ab8e19c4 1 1 5923 0
a4a694d9c788fc81742720f819301a09030eb9305a21b916a5692215ff665adb 4 4 3465 16
dfb795ff7b14d0521d2b0439d671abcd25e83f39b4051ab7d899f0f18851c294 15 4 1882 1624
3ea53e0558e6a1180d44246aa4aca7e73621bf50fb3f6d682cc692ad34db203b 2 0 0 0
0c0fe868d8d8c07c631b0027db1c490a901b4c4a11ced6688ab4bfc3d0bdb07f 9 9 10538 4720
66ace895e74b941063dc352b2d8dafa2466ccb49136e6021df3ada80c3c7411c 4 4 32092 5505
22989dae2243772b984debd8885353b8b5b772a921ecc6ec694960b1c818f2ba 33 33 72111 35142
3f9549a2100efd02a9fff9453fa8d464d0fd35770d918e9f22cd6a3b4dc28c76 11 11 5574 318
7407587bb7fd2fe3e5c7ec6e420118f5a90062cfe88a0e63d72b65ef17defca6 3 2 1444 0
33fbac997af1e1b4dfbe3881db89d4f8747684ec2e1f5b29f0fa4a3dfa6dcbff 3 3 17976 0
6235d61a0274ff1b0d8d1d3be4b8b68797d43d2b1a7d4669322dfa5f8caa820d 9 9 2478 8
8e8c964ea27be2471049bd2431eb337cd9af8f944f30c99771aa1e672d93c5d2 7 0 0 0
e881a2e18be73607bf2f5aa85ae77f8dc45cf743bfc3e9031c2c4c20b6e13c7c 3 3 2059 50
80af8fd7ab7d24e110d24420ba43a4ae53150fb29721708347e70a1bf09da62e 10 10 4449 100
59ef90fbc4dfbde7e17bdfd9115508bd0210401e77074e2a5afb46cfdf237ad8 8 0 0 0
e8b9fd13b3c0bb13c766aaee596907444fc67f5556716910f9ebf3fdd2ef1844 2 2 1229 0
2c36931aa1a110e99e47573165749942a132dbd09c40751df9f7ff96d92ec329 17 17 13168 194
5d2ef9220092e0390a3425f3f10e27f43d97f3325d8947ef79ba510043aa6680 5648 666 117562 120492
c1ebc6ebce598b755319be843a03c851412179dd0ac9c08a16977e8fc0985c64 15 15 12354 78
489b18e58ada42f0aa0a75af50de1c6261bc2f072a8606df3669e0ea4e777d26 6 6 11385 1198
0112fea53c320f50d0449fdd7ef1dafc2cfccde969dad39a59c768e5cd0c7bfd 82 54 36633 14631
24c7d9ad53842b43ad21221805cfe4051195672cd08264d453f0791be9315398 6 6 7043 173
7ad59045f0d4073d0201f76b5fecbce06affc8ac7820b2d5d717fd6fa262138d 185 26 4753 1479
6c31ae28b5d5bbdbfded1ed6dc6ba5a0ac202a8ca441d3b584a0860f1a2407cf 4 4 841 4
11f7330cb4f3e61871355a33b3a65c495f8f889c4a2fb4ee820a7edcefa0f501 178 40 1103198 711847
51165f64bc1be03d3972db25bfe34f7fe053ff01f8ee70c39db98705d4e83082 3893 0 0 0
98aa9d93a004b78738cc79da78800d03fa21e9fdcd254a8d8e2062690932d9a6 778 206 64528 37657
c94f090d17a0bd069e5ccb038563a663b5ae5666d01ac051d03e4b54601fd719 13 13 14491 694
b8c69c6a9110a89d5acc8b9fd2c90601bd11cc96c9ca04cf2e485300df3fe582 34 19 2145 1307
cd1dc28e3dcf8453cf7a4714f24d34e2f1f82469be6f86bafe95c8c673d386c5 2 1 5348 10
78374fe45a329a615415cb9d62b4e4e0f0eb5903b77270e1bf841c0c71281ee7 6 1 8904 0
168437ceffbac829d4745a5daf197ad0730f6d0ecfbc03fafbf3ce626fa0d841 5 0 0 0
aede6eceab9aae6d15cadccf0d663b242a92dcaab7b3ccf3732fbaaed32f3e79 1 1 457 0
6b297009887359d808cd7205fde960021d263c313d5b673444aeb306436c538d 3 3 9235 11
c43bd430aef92ff9f9b0c6c3507584ee2990ad071207840e25e4bd52e27b0f7d 3 3 9772 3560
c8a1bbf95c6eca55f8c9fa4aacb589f333b9f884cba699fd5606654fad123b3d 55 48 50205 34034
68fb0fa5f2bbc2b2b51c19c5ffe1c9dbcf4eefbfe85e73247bac91edf6573f2f 1 0 0 0
9daf64e163e521efc54c2fc636513008d281096298c5af3b0c1f9b6397d4407f 168 0 0 0
ae9514f088ba81e1be1f92f7df795a262d21f8c4c1aaa83a804e524cb6ce6ade 4 4 4882 0
2ac0f1e47cdbe8a9e10345a42ce594366ef00be68126b41b12a992cfabd04b2b 2 0 0 0
0ea962a6a649936215910b59dd104d3b12a1b14665176d0a97b619fc9a935165 511 1 9 0
e776eb1b5e07be825b4ce8d11b1cb11729ca6f536e1659fde27ac1a78707a9de 85 85 36281 17588
c2c6e2734002dc09bda86525d1a9a3fb290b971afb3714a132cd35fc21ccddeb 10 10 17985 10176
eb0a9867d90b1ee2dec686ae900d66d139a95b0e6664b1db43eea992b12f14b1 33 33 26898 16901
b08255ec7c9c86fd30e1898b205ccb21aa40365a89267a3f275df3b7d2faa0f4 83 74 17878 8191
6467b81481e29357e2b0fbb9334821cf848abcf198e22b180fb01c9fca518ea6 13 10 11635 850
8f7c8ee5b1eaef0ef08a11349a4904f1e7c30c830e3e38eb0a84b68be964ba45 23 23 16780 4661
a0186887ffd501f619fcfecd8aef75f1d9acdf4479327a6fab74a48c13e13e1e 2 2 10036 11
9e75f9fdb53b069dc7a3b40b6d8b1d6d20406a849b6714a3dd22e42caa650927 14 1 8516 5767
b790375a193d1719860c347e36b4bfc1409b990db707f5db80935de5dfbbaa9d 5 5 7480 90
4b45a0fb73531bc166a6c64526dd7b7234149c1b4444c2a40340921762a5eb44 17 17 15676 903
2d936bc11965f6e16ab28cbd589adc097bb9f738fe9655eedae347bc67da1e9a 6 6 8295 733
deff85900c562c6fd3091cf53f6de79d60486b9c830c50909348a1dbdd1cdc42 7 7 18574 1121
2475e7ce8daf7bcbbed05b5d71e722b6536c5df17a61a8f3058b4046986e2cb1 13 13 14399 642
ee02c7587b70f0bdf44eda4a84b76b4ec16452b05cdfb9e73fb11d6b7b93af37 1 0 0 0
1c0a6fca56ba4d574c989de1a0936bbfe6f8bb1312b2073cc5dcca038b7ecc43 1 0 0 0
6a18e8e3e5cbdcb03da32b67a000dc2d6580d4a9c14b67c49cf0e1ead52e4bf7 57 57 30958 13697
f146c8ff7a1abc97e3422df10749a5d06ec790c919cbf147c669572b3f88ac6c 1 1 7872 0
30ac05acb917687f1c52416c7fb919ddd97051c57a10d5cd91c1c6dd9462280e 625 0 0 0
0d4fe4515f54e583de5d1af6be35091f8200ebd4408e9805c0cfb7bd5bda3fff 264 0 0 0
20480c26c24439ab67c7f35c3adb3e6d0391798e6b1e769a5abfc36d2a7482df 4 4 25009 543
ed5a2d3ad2639e071843b3e9df6717fa958df7814cbd37026cb74c1a3cbef319 11 11 22791 8456
8fca8088b1e2db5f4be0a664fc21214a43b219399902c90d0cfa4c3cda4d680b 7 7 4366 2727
361646fb74d54859eee4090a04cb80c2392d6715e80ea8d4f2b96e6a53c19554 178 18 10962 10348
1989264ea5ef45da8cc75db9f8807306a6b46b3a2740644e5196f0395e317386 9 9 6237 206
668db608d94896bd3be5341239be8fbad84781e3df3458128d50580dc68d7eec 6 6 15905 10667
0a8a3967d81f314844516d28366fbae9e333c23913833ad440ddfb2444cc606d 2314 0 0 0
b558c5764e4665a61a36ddd81c1c24bbb5e9662a37cec296d42d45184f61c205 780 0 0 0
5b351d28e3a1499baaefd3ac366284a1b95aeba12f08c26f52ad82eda7a34893 23 23 33795 1972
f1f0fd1523df3d9580ee19405357b5a0d3b1a6f7f03b3b31b15295afd249b9e1 4 4 20447 7484
2f994d65d081d977121c22c02009b9306b078d0dd38fd44c37b1ffda142bbf27 1 0 0 0
